53202130
51409210
71909062
75918295
65201064
21213397
53102117
84303008
11001962
111304064
71920656
67013700
84202769
83904563
261170546
111307430
31317788
61212866
61104204
125107862
322078804
31309123
104913912
271989756
42000398
63104697
21206676
72412435
242272489
124100080
122244582
72401789
75901710
107000440
62101581
91910879
101102182
122206216
31309385
281371972
72413560
101115098
101903679
53111836
107003023
111909867
92900985
81225804
75900148
31902876
111904998
21000021
21907315
92902271
211170101
111313000
44111188
82901897
63114289
71112105
113193723
53112673
322271096
322079719
81004591
122242759
51504623
101001911
253272070
113009464
26002927
211174343
211272504
84204301
111000038
44102362
221271090
111317637
62104520
104000058
221271265
64103833
21202175
83900619
21300019
211179982
113024504
122104046
107004352
53900377
211370257
111904215
67016040
113015267
55002286
31311674
63107513
51000017
64101673
122243800
63112249
72404948
71000521
262285223
42100272
102104600
103112992
43303447
11401135
41204726
73902287
75903983
51404260
21202311
226071004
211170363
71923323
65000090
53112453
122240764
111322583
102005916
31207966
63103193
84301767
221370616
72402704
113193532
62203395
75907413
91902531
122237515
71926320
41202511
71112817
91208154
111104743
226071237
51401836
62200961
67016040
274970063
11300142
111926086
53274113
62104203
72401789
91409571
113001077
82904043
72404841
64202844
113010217
83900619
31304720
91904267
63014499
91810623
107006091
67001699
111904231
81001727
111924800
61102701
67001699
104913048
114916019
274970801
82900429
113105070
101002949
104913912
242272816
67014123
75902065
55001054
86518749
11301798
91201915
63015537
211070146
91200738
11401533
267090691
31309385
42100272
62204006
123202293
104106583
111904231
102100992
61292433
72401585
104106583
81210398
103103354
111321270
55000657
262285184
65201611
114901859
42200279
51404118
43403282
91904872
51000017
271971829
111320006
41001013
325182755
61204463
122239021
125107736
271172987
53904483
54001709
111903151
122105715
211872959
265270222
121135773
111103317
91216612
75911373
226070856
104905836
63114946
71001588
256072701
74903337
113002296
101114552
211370354
111322813
31311674
61001323
21000322
62202257
91802877
53111836
322270521
71002257
241270291
91400606
54001550
81000702
107006101
63114784
21200025
51000253
71922670
101106560
271971560
71100010
104913048
64108647
101100993
61020317
53112246
251473758
72413858
61102701
62103136
111104947
211174233
122242018
125108858
84006729
254075454
111901580
53010445
91301815
63015537
91300719
122242704
91501767
71922227
63106006
72410013
84304243
42204932
72413654
322270356
86518723
123006389
55002480
111921230
325070760
11303110
91904267
64102397
111924787
83901650
113122655
43305092
101102496
84302122
91204763
123200088
92905168
122241941
122242924
31313261
21300640
103100467
44115443
121136785
71923190
11101613
21409567
111914302
121137506
111901467
51402961
72412972
11402008
86518723
111916326
53107963
111915770
221371822
43300712
55001766
242272188
123203218
102103630
64208437
21200339
107004695
51405670
43400036
72410123
102300268
71905613
121143697
123006389
125200060
67012413
271173452
221572838
101113676
103112507
82903293
101918965
53112275
72412435
65403626
65400153
111909825
83902374
63114784
263189865
274970063
322283178
102101700
53203210
61102549
43318092
125108065
71924584
42000424
122238543
64108605
91206389
322285846
121141107
113122804
111901580
41201512
43315561
122243172
21200012
107006059
101005483
53100559
51409142
322270408
61120291
61192753
53208176
61204612
63114690
111908004
53112686
122287183
111906271
63100277
221370878
53112275
82901596
111025013
231271404
111319538
122217056
111300945
75902463
101213204
64000020
113008083
91915133
63114920
111000258
221371822
121140713
265070532
71921176
67016354
121140742
53202130
75903763
122201198
83900680
102103999
31307866
103104353
53112673
122106109
84305129
71108669
71001685
111319347
31315007
121135773
102307164
73902274
101104779
61110557
121181798
31301053
71123518
86518749
61211647
21207235
271972381
65306118
111917435
31311674
31100089
71122661
67003778
91014924
123206406
242272874
83901744
65505870
322284892
91001157
122237654
21207413
101014953
125108939
231375520
74903308
61103548
71103473
31901482
53112686
104902392
121032232
43400036
122240340
262287218
65303069
243373222
42103460
63104972
102101548
75906702
84107893
11110688
323270216
111912401
92902404
41205673
75910798
62205199
72407000
